insertion:0.6896184512547084

deletion:0.3515603882925851

