insertion:0.6730702263968331

deletion:0.21353389535631453

