insertion:0.2461284739630563

deletion:0.232266936983381

