insertion:0.4233775237731088

deletion:0.2565155271589382

