insertion:0.28475442069944357

deletion:0.4566747379770926

