insertion:0.33903609003339497

deletion:0.2730992521558489

